Sample	FastQC_mqc-generalstats-fastqc-percent_duplicates	FastQC_mqc-generalstats-fastqc-percent_gc	FastQC_mqc-generalstats-fastqc-avg_sequence_length	FastQC_mqc-generalstats-fastqc-percent_fails	FastQC_mqc-generalstats-fastqc-total_sequences
SRR7245880_1	57.09445161346064	46.0	75.0	30.0	9157531.0
SRR7245880_2	50.93412980638028	46.0	75.0	30.0	9157531.0
SRR7245881_1	51.36624939582064	46.0	75.0	30.0	8778355.0
SRR7245881_2	45.597751195481365	46.0	75.0	20.0	8778355.0
SRR7245882_1	53.732630653865534	47.0	75.0	30.0	10039425.0
SRR7245882_2	47.60170283189004	46.0	75.0	20.0	10039425.0
SRR7245883_1	53.06989523196646	46.0	75.0	30.0	8043265.0
SRR7245883_2	47.39699473507133	46.0	75.0	20.0	8043265.0
SRR7245884_1	43.923902548513475	46.0	75.0	20.0	7662599.0
SRR7245884_2	39.130934406951056	46.0	75.0	20.0	7662599.0
SRR7245885_1	48.86533701802136	46.0	75.0	20.0	8358960.0
SRR7245885_2	43.624562583110524	46.0	75.0	20.0	8358960.0
SRR7245886_1	54.16194423407205	46.0	75.0	30.0	8645915.0
SRR7245886_2	48.32568686999495	46.0	75.0	20.0	8645915.0
SRR7245887_1	57.4186101845526	46.0	75.0	30.0	7598657.0
SRR7245887_2	50.941094915405984	46.0	75.0	30.0	7598657.0
SRR7245888_1	56.26608848543933	49.0	75.0	30.0	9186645.0
SRR7245888_2	50.94185694038682	49.0	75.0	30.0	9186645.0
SRR7245889_1	44.88193855159407	46.0	75.0	20.0	7080391.0
SRR7245889_2	40.002047714537014	46.0	75.0	20.0	7080391.0
SRR7245890_1	50.10653096716183	46.0	75.0	30.0	9538055.0
SRR7245890_2	44.52574612980901	46.0	75.0	20.0	9538055.0
SRR7245891_1	52.56966233779817	46.0	75.0	30.0	6284185.0
SRR7245891_2	46.65587690245555	46.0	75.0	20.0	6284185.0
SRR7245892_1	53.059999733100135	46.0	75.0	30.0	7651407.0
SRR7245892_2	47.40107198211284	46.0	75.0	20.0	7651407.0
SRR7245893_1	63.56809406670001	46.0	75.0	30.0	10128422.0
SRR7245893_2	57.06056066828814	46.0	75.0	30.0	10128422.0
SRR7245894_1	75.75730352879168	46.0	38.0	20.0	7342082.0
SRR7245894_2	73.39202015416399	46.0	38.0	20.0	7342082.0
SRR7245895_1	68.90899203242783	46.0	38.0	20.0	6193368.0
SRR7245895_2	66.77561499568142	46.0	38.0	20.0	6193368.0
SRR7245896_1	65.31097340252322	46.0	38.0	20.0	10922874.0
SRR7245896_2	63.43635074722302	47.0	38.0	20.0	10922874.0
SRR7245897_1	61.835958063778754	46.0	38.0	20.0	10967021.0
SRR7245897_2	59.688558524235866	47.0	38.0	20.0	10967021.0
SRR7245898_1	64.1588408039153	46.0	38.0	20.0	9303120.0
SRR7245898_2	62.01083776089932	46.0	38.0	20.0	9303120.0
SRR7245899_1	42.04966093690131	47.0	38.0	10.0	4196327.0
SRR7245899_2	39.73063142721812	47.0	38.0	10.0	4196327.0
SRR7245900_1	65.69523738373496	46.0	38.0	20.0	11463717.0
SRR7245900_2	63.53196545289945	47.0	38.0	20.0	11463717.0
SRR7245901_1	68.37705511995809	46.0	38.0	20.0	12370324.0
SRR7245901_2	66.1196922917479	46.0	38.0	20.0	12370324.0
SRR7245902_1	66.39694592006678	46.0	38.0	20.0	11769855.0
SRR7245902_2	64.2076320972908	46.0	38.0	20.0	11769855.0
SRR7245903_1	64.01289293158061	46.0	75.0	30.0	9412845.0
SRR7245903_2	57.710940195120585	46.0	75.0	30.0	9412845.0
SRR7245904_1	62.651937631642966	46.0	75.0	30.0	8790146.0
SRR7245904_2	56.03050605768424	46.0	75.0	30.0	8790146.0
SRR7245905_1	66.3044399328601	46.0	75.0	30.0	8093016.0
SRR7245905_2	59.074995479517796	46.0	75.0	30.0	8093016.0
SRR7245906_1	67.62937177519967	46.0	75.0	30.0	9116323.0
SRR7245906_2	60.400625778329676	46.0	75.0	30.0	9116323.0
SRR7245907_1	65.75168673295934	47.0	75.0	30.0	6381070.0
SRR7245907_2	58.33243754149273	46.0	75.0	30.0	6381070.0
SRR7245908_1	66.60529342311791	46.0	75.0	30.0	7968329.0
SRR7245908_2	59.53482325631316	46.0	75.0	30.0	7968329.0
SRR7245909_1	69.46655421793594	46.0	75.0	30.0	7789468.0
SRR7245909_2	62.1672525096621	46.0	75.0	30.0	7789468.0
SRR7245910_1	65.16486205568631	46.0	75.0	30.0	9667709.0
SRR7245910_2	58.14536856628731	46.0	75.0	30.0	9667709.0
SRR7245911_1	43.511523665180654	46.0	75.0	20.0	9052962.0
SRR7245911_2	38.01415712932332	46.0	75.0	20.0	9052962.0
SRR7245912_1	43.45341885860705	46.0	75.0	20.0	10872715.0
SRR7245912_2	38.45890235859763	46.0	75.0	20.0	10872715.0
SRR7245913_1	38.321336092877814	46.0	75.0	20.0	21462992.0
SRR7245913_2	33.25748162808124	45.0	75.0	20.0	21462992.0
SRR7245914_1	43.860758077077	46.0	75.0	20.0	10056788.0
SRR7245914_2	37.81622467311092	45.0	75.0	20.0	10056788.0
SRR7245915_1	49.80250966831279	46.0	75.0	20.0	26538314.0
SRR7245915_2	44.10437422695526	45.0	75.0	20.0	26538314.0
SRR7245916_1	50.98278983009209	46.0	75.0	30.0	12542462.0
SRR7245916_2	44.42827680920741	46.0	75.0	20.0	12542462.0
SRR7245917_1	62.118107256205576	46.0	38.0	20.0	16160084.0
SRR7245917_2	60.04892475915518	46.0	38.0	20.0	16160084.0
SRR7245918_1	66.08269391960803	46.0	38.0	20.0	12402455.0
SRR7245918_2	63.82747433763586	46.0	38.0	20.0	12402455.0
SRR7245919_1	72.30962872497943	46.0	38.0	20.0	16043944.0
SRR7245919_2	69.83984648598366	46.0	38.0	20.0	16043944.0
SRR7245920_1	67.77783771993332	46.0	38.0	20.0	14014637.0
SRR7245920_2	65.36559697184997	46.0	38.0	20.0	14014637.0
SRR7245921_1	72.00063424944939	46.0	38.0	20.0	13551487.0
SRR7245921_2	69.41896431692197	46.0	38.0	20.0	13551487.0
SRR7245922_1	73.94363587340693	46.0	38.0	20.0	9551156.0
SRR7245922_2	71.57178809460555	46.0	38.0	20.0	9551156.0
SRR7245923_1	82.81834443274977	46.0	38.0	20.0	12470777.0
SRR7245923_2	80.20991087997905	46.0	38.0	20.0	12470777.0
SRR7245924_1	83.32585289183713	46.0	38.0	20.0	11191113.0
SRR7245924_2	80.60031186548471	46.0	38.0	20.0	11191113.0
SRR7245925_1	83.2774810729492	46.0	38.0	20.0	12818732.0
SRR7245925_2	80.67728687652175	46.0	38.0	20.0	12818732.0
SRR7245926_1	83.91664617733606	46.0	38.0	20.0	13353237.0
SRR7245926_2	81.13945073911599	46.0	38.0	20.0	13353237.0
SRR7245927_1	82.81266605613959	46.0	38.0	20.0	13905800.0
SRR7245927_2	79.99195488091068	46.0	38.0	20.0	13905800.0
SRR7245928_1	81.87427251663934	46.0	38.0	20.0	15362624.0
SRR7245928_2	79.29659928090393	46.0	38.0	20.0	15362624.0
SRR7245929_1	82.51827167469325	46.0	38.0	20.0	12678095.0
SRR7245929_2	79.94790081544984	46.0	38.0	20.0	12678095.0
SRR7245930_1	83.11245556363298	46.0	38.0	20.0	13573887.0
SRR7245930_2	80.34563124838847	46.0	38.0	20.0	13573887.0
SRR7245931_1	84.19347735953697	46.0	38.0	20.0	12730542.0
SRR7245931_2	81.3711505054915	46.0	38.0	20.0	12730542.0
SRR7245932_1	83.24468607767474	46.0	38.0	20.0	13908903.0
SRR7245932_2	80.55719357071695	46.0	38.0	20.0	13908903.0
SRR7245933_1	67.88395914838695	46.0	38.0	20.0	14298354.0
SRR7245933_2	65.56954539693562	46.0	38.0	20.0	14298354.0
SRR7245934_1	71.45870003201176	46.0	38.0	20.0	16019249.0
SRR7245934_2	68.84141301776395	46.0	38.0	20.0	16019249.0
SRR7245935_1	73.6019399815303	46.0	38.0	20.0	13611327.0
SRR7245935_2	71.28906668117072	46.0	38.0	20.0	13611327.0
SRR7245936_1	72.87194104763448	46.0	38.0	20.0	15329559.0
SRR7245936_2	70.49303587518547	46.0	38.0	20.0	15329559.0
SRR7245937_1	77.52273479574423	46.0	38.0	20.0	13849620.0
SRR7245937_2	74.87477807536675	46.0	38.0	20.0	13849620.0
SRR7245938_1	72.58799311011528	46.0	38.0	20.0	12824267.0
SRR7245938_2	69.99166841926734	46.0	38.0	20.0	12824267.0
SRR7245939_1	65.45225524985173	46.0	38.0	20.0	11967226.0
SRR7245939_2	63.343278608662715	46.0	38.0	20.0	11967226.0
SRR7245940_1	72.21025668565231	46.0	38.0	20.0	12017311.0
SRR7245940_2	69.69957033990008	46.0	38.0	20.0	12017311.0
SRR7245941_1	62.2098235180596	46.0	38.0	20.0	7279169.0
SRR7245941_2	60.27428336056667	46.0	38.0	20.0	7279169.0
SRR7245942_1	70.66968606713229	46.0	38.0	20.0	6714088.0
SRR7245942_2	68.28005859936255	46.0	38.0	20.0	6714088.0
SRR7245943_1	62.23075099319272	49.0	38.0	20.0	9272990.0
SRR7245943_2	60.396811366296525	49.0	38.0	20.0	9272990.0
SRR7245944_1	59.111109177916276	47.0	38.0	20.0	6469426.0
SRR7245944_2	57.1088535574617	48.0	38.0	20.0	6469426.0
SRR7245945_1	53.08890834820885	47.0	38.0	20.0	6188900.0
SRR7245945_2	51.222199051173085	47.0	38.0	20.0	6188900.0
SRR7245946_1	58.09336089993771	46.0	38.0	20.0	6986435.0
SRR7245946_2	56.22003211955226	47.0	38.0	20.0	6986435.0
SRR7245947_1	59.38387729451614	46.0	38.0	20.0	13249444.0
SRR7245947_2	57.286479311771416	47.0	38.0	20.0	13249444.0
SRR7245948_1	55.95451600616955	47.0	38.0	20.0	12463261.0
SRR7245948_2	53.95367755827659	47.0	38.0	20.0	12463261.0
