#rname	startpos	endpos	numreads	covbases	coverage	meandepth	meanbaseq	meanmapq
bam/SRR7245880_sorted.bam	chrM	1	16569	11011099	16569	100	42982.5	33.2	20.1
bam/SRR7245881_sorted.bam	chrM	1	16569	9540273	16569	100	37372.9	33.2	20.2
bam/SRR7245882_sorted.bam	chrM	1	16569	11315983	16569	100	44441.6	33.2	20.3
bam/SRR7245883_sorted.bam	chrM	1	16569	9081588	16569	100	35402.3	33.2	20.1
bam/SRR7245884_sorted.bam	chrM	1	16569	7193913	16569	100	28569.1	33.2	20.6
bam/SRR7245885_sorted.bam	chrM	1	16569	8704912	16569	100	33970.3	33.2	20.1
bam/SRR7245886_sorted.bam	chrM	1	16569	9887349	16569	100	38894.6	33.2	20.3
bam/SRR7245887_sorted.bam	chrM	1	16569	9293902	16569	100	36860.3	33.2	20.5
bam/SRR7245888_sorted.bam	chrM	1	16569	9871383	16569	100	34440.6	33.6	17.5
bam/SRR7245889_sorted.bam	chrM	1	16569	6868452	16569	100	27045.1	33.2	20.3
bam/SRR7245890_sorted.bam	chrM	1	16569	10089866	16569	100	39479.4	33.2	20.1
bam/SRR7245891_sorted.bam	chrM	1	16569	7200437	16569	100	28848.1	33.2	20.8
bam/SRR7245892_sorted.bam	chrM	1	16569	8649026	16569	100	33718.4	33.2	20.1
bam/SRR7245893_sorted.bam	chrM	1	16569	13430830	16569	100	52422.2	33.2	20.1
bam/SRR7245894_sorted.bam	chrM	1	16569	10254509	16569	100	23433.7	33.9	30.4
bam/SRR7245895_sorted.bam	chrM	1	16569	7830703	16569	100	17891.7	33.9	30.4
bam/SRR7245896_sorted.bam	chrM	1	16569	12910017	16569	100	29507.1	33.9	30.4
bam/SRR7245897_sorted.bam	chrM	1	16569	12214178	16569	100	27893.5	33.8	30.4
bam/SRR7245898_sorted.bam	chrM	1	16569	10881717	16569	100	24844.8	33.8	30.4
bam/SRR7245899_sorted.bam	chrM	1	16569	3255804	16569	100	7421.03	33	29.4
bam/SRR7245900_sorted.bam	chrM	1	16569	13674289	16569	100	31237.1	33.8	30.4
bam/SRR7245901_sorted.bam	chrM	1	16569	15320570	16569	100	34976.1	33.8	30.4
bam/SRR7245902_sorted.bam	chrM	1	16569	14137744	16569	100	32291	33.8	30.4
bam/SRR7245903_sorted.bam	chrM	1	16569	12505524	16569	100	49683.4	33.3	20.6
bam/SRR7245904_sorted.bam	chrM	1	16569	11489610	16569	100	45124.4	33.2	20.2
bam/SRR7245905_sorted.bam	chrM	1	16569	11273441	16569	100	44569.1	33.2	20.3
bam/SRR7245906_sorted.bam	chrM	1	16569	12900062	16569	100	51117.8	33.2	20.5
bam/SRR7245907_sorted.bam	chrM	1	16569	9022322	16569	100	35372.7	33.2	20.2
bam/SRR7245908_sorted.bam	chrM	1	16569	11164976	16569	100	44208.1	33.2	20.4
bam/SRR7245909_sorted.bam	chrM	1	16569	11284334	16569	100	44260.6	33.3	20.2
bam/SRR7245910_sorted.bam	chrM	1	16569	13308311	16569	100	52470.3	33.1	20.2
bam/SRR7245911_sorted.bam	chrM	1	16569	10020548	16569	100	39055.8	32.1	19.4
bam/SRR7245912_sorted.bam	chrM	1	16569	11622609	16569	100	45360.8	32.2	19.4
bam/SRR7245913_sorted.bam	chrM	1	16569	19784457	16569	100	78385.9	32.1	19.8
bam/SRR7245914_sorted.bam	chrM	1	16569	11265335	16569	100	44316.3	32	19.5
bam/SRR7245915_sorted.bam	chrM	1	16569	30000191	16569	100	116295	32.2	19.3
bam/SRR7245916_sorted.bam	chrM	1	16569	15737045	16569	100	61822.4	32.1	19.5
bam/SRR7245917_sorted.bam	chrM	1	16569	17975807	16569	100	41049.5	33.7	30.2
bam/SRR7245918_sorted.bam	chrM	1	16569	14863177	16569	100	33948	33.7	30.2
bam/SRR7245919_sorted.bam	chrM	1	16569	20971085	16569	100	47909.4	33.7	30.3
bam/SRR7245920_sorted.bam	chrM	1	16569	17178346	16569	100	39230.9	33.7	30.2
bam/SRR7245921_sorted.bam	chrM	1	16569	17793510	16569	100	40635.2	33.6	30.2
bam/SRR7245922_sorted.bam	chrM	1	16569	12976822	16569	100	29634.4	33.7	30.2
bam/SRR7245923_sorted.bam	chrM	1	16569	18874675	16569	100	43147.8	33.8	30.5
bam/SRR7245924_sorted.bam	chrM	1	16569	17066197	16569	100	38996.1	33.8	30.4
bam/SRR7245925_sorted.bam	chrM	1	16569	19506787	16569	100	44576.8	33.8	30.4
bam/SRR7245926_sorted.bam	chrM	1	16569	20432504	16569	100	46693.5	33.8	30.4
bam/SRR7245927_sorted.bam	chrM	1	16569	21057800	16569	100	48117.4	33.7	30.4
bam/SRR7245928_sorted.bam	chrM	1	16569	22803776	16569	100	52102.6	33.8	30.4
bam/SRR7245929_sorted.bam	chrM	1	16569	19106478	16569	100	43675.3	33.8	30.4
bam/SRR7245930_sorted.bam	chrM	1	16569	20631959	16569	100	47157.7	33.8	30.4
bam/SRR7245931_sorted.bam	chrM	1	16569	19670271	16569	100	44968.1	33.7	30.4
bam/SRR7245932_sorted.bam	chrM	1	16569	21171372	16569	100	48393.8	33.8	30.5
bam/SRR7245933_sorted.bam	chrM	1	16569	17565207	16569	100	40132.7	33.7	30.2
bam/SRR7245934_sorted.bam	chrM	1	16569	20804572	16569	100	47545.7	33.7	30.3
bam/SRR7245935_sorted.bam	chrM	1	16569	18212097	16569	100	41606.2	33.7	30.3
bam/SRR7245936_sorted.bam	chrM	1	16569	20298544	16569	100	46388.5	33.7	30.2
bam/SRR7245937_sorted.bam	chrM	1	16569	19587018	16569	100	44750	33.7	30.2
bam/SRR7245938_sorted.bam	chrM	1	16569	16930290	16569	100	38678.7	33.7	30.2
bam/SRR7245939_sorted.bam	chrM	1	16569	14091747	16569	100	32196	33.7	30.3
bam/SRR7245940_sorted.bam	chrM	1	16569	15845612	16569	100	36212.9	33.7	30.2
bam/SRR7245941_sorted.bam	chrM	1	16569	8244934	16569	100	18847.4	33.9	30.5
bam/SRR7245942_sorted.bam	chrM	1	16569	8714057	16569	100	19915	33.9	30.4
bam/SRR7245943_sorted.bam	chrM	1	16569	10173480	16569	100	23263.9	33.9	30.6
bam/SRR7245944_sorted.bam	chrM	1	16569	6960489	16569	100	15899.6	33.7	30.3
bam/SRR7245945_sorted.bam	chrM	1	16569	5969925	16569	100	13649.7	33.8	30.5
bam/SRR7245946_sorted.bam	chrM	1	16569	7353618	16569	100	16803.6	33.9	30.5
bam/SRR7245947_sorted.bam	chrM	1	16569	14104601	16569	100	32221.6	33.7	30.4
bam/SRR7245948_sorted.bam	chrM	1	16569	12470091	16569	100	28488.3	33.8	30.4
