SRRfile	#rname	startpos	endpos	numreads	covbases	coverage	meandepth	meanbaseq	meanmapq
/SRR7245880.bam	
/SRR7245881.bam	
/SRR7245882.bam	
/SRR7245883.bam	
/SRR7245884.bam	
/SRR7245885.bam	
/SRR7245886.bam	
/SRR7245887.bam	
/SRR7245888.bam	
/SRR7245889.bam	
/SRR7245890.bam	
/SRR7245891.bam	
/SRR7245892.bam	
/SRR7245893.bam	
/SRR7245894.bam	
/SRR7245895.bam	
/SRR7245896.bam	
/SRR7245897.bam	
/SRR7245898.bam	
/SRR7245899.bam	
/SRR7245900.bam	
/SRR7245901.bam	
/SRR7245902.bam	
/SRR7245903.bam	
/SRR7245904.bam	
/SRR7245905.bam	
/SRR7245906.bam	
/SRR7245907.bam	
/SRR7245908.bam	
/SRR7245909.bam	
/SRR7245910.bam	
/SRR7245911.bam	
/SRR7245912.bam	
/SRR7245913.bam	
/SRR7245914.bam	
/SRR7245915.bam	
/SRR7245916.bam	
/SRR7245917.bam	
/SRR7245918.bam	
/SRR7245919.bam	
/SRR7245920.bam	
/SRR7245921.bam	
/SRR7245922.bam	
/SRR7245923.bam	
/SRR7245924.bam	
/SRR7245925.bam	
/SRR7245926.bam	
/SRR7245927.bam	
/SRR7245928.bam	
/SRR7245929.bam	
/SRR7245930.bam	
/SRR7245931.bam	
/SRR7245932.bam	
/SRR7245933.bam	
/SRR7245934.bam	
/SRR7245935.bam	
/SRR7245936.bam	
/SRR7245937.bam	
/SRR7245938.bam	
/SRR7245939.bam	
/SRR7245940.bam	
/SRR7245941.bam	
/SRR7245942.bam	
/SRR7245943.bam	
/SRR7245944.bam	
/SRR7245945.bam	
/SRR7245946.bam	
/SRR7245947.bam	
/SRR7245948.bam	
SRR7245880	chrM	1	16569	765257	16568	99.994	3110.48	35.1	33.8
SRR7245881	chrM	1	16569	730003	16569	100	2968.38	35.1	33.8
SRR7245882	chrM	1	16569	791211	16568	99.994	3215.75	35.1	33.8
SRR7245883	chrM	1	16569	712656	16567	99.9879	2888.14	35.1	33.7
SRR7245884	chrM	1	16569	660315	16558	99.9336	2688.25	35.1	33.8
SRR7245885	chrM	1	16569	674413	16564	99.9698	2731.6	35.1	33.7
SRR7245886	chrM	1	16569	729808	16569	100	2969.88	35.1	33.8
SRR7245887	chrM	1	16569	726257	16568	99.994	2960.67	35.1	33.9
SRR7245888	chrM	1	16569	456793	16423	99.1188	1784.68	35.2	32.9
SRR7245889	chrM	1	16569	632636	16561	99.9517	2559.68	35.1	33.7
SRR7245890	chrM	1	16569	731916	16568	99.994	2967.99	35.1	33.7
SRR7245891	chrM	1	16569	679941	16568	99.994	2767.44	35.1	33.8
SRR7245892	chrM	1	16569	702040	16568	99.994	2844.65	35.1	33.7
SRR7245893	chrM	1	16569	842922	16569	100	3431.85	35.1	33.8
SRR7245894	chrM	1	16569	1149330	16569	100	2553.66	35.1	36.7
SRR7245895	chrM	1	16569	1009830	16569	100	2244.19	35.1	36.8
SRR7245896	chrM	1	16569	1257088	16569	100	2796.27	35.1	36.8
SRR7245897	chrM	1	16569	1329380	16569	100	2945.46	35.1	36.8
SRR7245898	chrM	1	16569	1257716	16569	100	2784.39	35.1	36.7
SRR7245899	chrM	1	16569	477780	16569	100	1033.27	34.9	36.7
SRR7245900	chrM	1	16569	1397432	16569	100	3096.47	35.1	36.8
SRR7245901	chrM	1	16569	1469784	16569	100	3258.02	35.1	36.7
SRR7245902	chrM	1	16569	1412077	16569	100	3129.81	35.1	36.8
SRR7245903	chrM	1	16569	828609	16567	99.9879	3401.55	35.1	33.9
SRR7245904	chrM	1	16569	788966	16569	100	3218.14	35.1	33.8
SRR7245905	chrM	1	16569	801134	16569	100	3267.23	35.1	33.8
SRR7245906	chrM	1	16569	846759	16569	100	3462.2	35.1	33.9
SRR7245907	chrM	1	16569	690014	16568	99.994	2801.44	35.1	33.8
SRR7245908	chrM	1	16569	808149	16569	100	3300.13	35.1	33.9
SRR7245909	chrM	1	16569	764569	16554	99.9095	3120.19	35.1	33.8
SRR7245910	chrM	1	16569	721348	16508	99.6318	2931.62	35.1	33.8
SRR7245911	chrM	1	16569	681002	16569	100	2650.24	34.9	33.6
SRR7245912	chrM	1	16569	740037	16569	100	2893.63	34.9	33.7
SRR7245913	chrM	1	16569	915688	16569	100	3611.19	34.9	33.8
SRR7245914	chrM	1	16569	715725	16567	99.9879	2785.53	34.9	33.7
SRR7245915	chrM	1	16569	1066446	16569	100	4197.84	34.9	33.7
SRR7245916	chrM	1	16569	824556	16569	100	3227.13	34.9	33.7
SRR7245917	chrM	1	16569	1428158	16569	100	3172.08	35.1	36.7
SRR7245918	chrM	1	16569	1333907	16569	100	2962.32	35.1	36.7
SRR7245919	chrM	1	16569	1542046	16569	100	3429.02	35.1	36.8
SRR7245920	chrM	1	16569	1413747	16569	100	3138.68	35.1	36.7
SRR7245921	chrM	1	16569	1418857	16569	100	3148.51	35.1	36.7
SRR7245922	chrM	1	16569	1271465	16569	100	2822.25	35.1	36.7
SRR7245923	chrM	1	16569	1574774	16569	100	3496.95	35.1	36.8
SRR7245924	chrM	1	16569	1488827	16569	100	3301.25	35.1	36.8
SRR7245925	chrM	1	16569	1584027	16569	100	3514.2	35.1	36.8
SRR7245926	chrM	1	16569	1628198	16569	100	3610.8	35.1	36.8
SRR7245927	chrM	1	16569	1644580	16569	100	3645.47	35.1	36.8
SRR7245928	chrM	1	16569	1709307	16569	100	3794.31	35.1	36.8
SRR7245929	chrM	1	16569	1535516	16569	100	3410.05	35.1	36.8
SRR7245930	chrM	1	16569	1623373	16569	100	3602.46	35.1	36.8
SRR7245931	chrM	1	16569	1561981	16569	100	3465.27	35.1	36.8
SRR7245932	chrM	1	16569	1634087	16569	100	3627.77	35.1	36.8
SRR7245933	chrM	1	16569	1388279	16569	100	3086.4	35.1	36.7
SRR7245934	chrM	1	16569	1497895	16569	100	3329.81	35.1	36.8
SRR7245935	chrM	1	16569	1422819	16569	100	3163.26	35.1	36.7
SRR7245936	chrM	1	16569	1442673	16569	100	3207.14	35.1	36.8
SRR7245937	chrM	1	16569	1454862	16569	100	3232.55	35.1	36.8
SRR7245938	chrM	1	16569	1357363	16569	100	3015.49	35.1	36.8
SRR7245939	chrM	1	16569	1284024	16569	100	2852.09	35.1	36.7
SRR7245940	chrM	1	16569	1318484	16569	100	2930.16	35.1	36.8
SRR7245941	chrM	1	16569	1089359	16569	100	2419.06	35.1	36.8
SRR7245942	chrM	1	16569	1110882	16569	100	2466.37	35.1	36.8
SRR7245943	chrM	1	16569	1037093	16569	100	2312.19	35.2	36.8
SRR7245944	chrM	1	16569	890447	16569	100	1973.16	35.1	36.7
SRR7245945	chrM	1	16569	947446	16569	100	2100.86	35.1	36.8
SRR7245946	chrM	1	16569	1028615	16569	100	2284.59	35.1	36.8
SRR7245947	chrM	1	16569	1403900	16569	100	3109.87	35.1	36.8
SRR7245948	chrM	1	16569	1337028	16569	100	2963.49	35.1	36.8
