SRRfile	#rname	startpos	endpos	numreads	covbases	coverage	meandepth	meanbaseq	meanmapq
/SRR7245880.bam	
/SRR7245881.bam	
/SRR7245882.bam	
/SRR7245883.bam	
/SRR7245884.bam	
/SRR7245885.bam	
/SRR7245886.bam	
/SRR7245887.bam	
/SRR7245888.bam	
/SRR7245889.bam	
/SRR7245890.bam	
/SRR7245891.bam	
/SRR7245892.bam	
/SRR7245893.bam	
/SRR7245894.bam	
/SRR7245895.bam	
/SRR7245896.bam	
/SRR7245897.bam	
/SRR7245898.bam	
/SRR7245899.bam	
/SRR7245900.bam	
/SRR7245901.bam	
/SRR7245902.bam	
/SRR7245903.bam	
/SRR7245904.bam	
/SRR7245905.bam	
/SRR7245906.bam	
/SRR7245907.bam	
/SRR7245908.bam	
/SRR7245909.bam	
/SRR7245910.bam	
/SRR7245911.bam	
/SRR7245912.bam	
/SRR7245913.bam	
/SRR7245914.bam	
/SRR7245915.bam	
/SRR7245916.bam	
/SRR7245917.bam	
/SRR7245918.bam	
/SRR7245919.bam	
/SRR7245920.bam	
/SRR7245921.bam	
/SRR7245922.bam	
/SRR7245923.bam	
/SRR7245924.bam	
/SRR7245925.bam	
/SRR7245926.bam	
/SRR7245927.bam	
/SRR7245928.bam	
/SRR7245929.bam	
/SRR7245930.bam	
/SRR7245931.bam	
/SRR7245932.bam	
/SRR7245933.bam	
/SRR7245934.bam	
/SRR7245935.bam	
/SRR7245936.bam	
/SRR7245937.bam	
/SRR7245938.bam	
/SRR7245939.bam	
/SRR7245940.bam	
/SRR7245941.bam	
/SRR7245942.bam	
/SRR7245943.bam	
/SRR7245944.bam	
/SRR7245945.bam	
/SRR7245946.bam	
/SRR7245947.bam	
/SRR7245948.bam	
SRR7245880	
SRR7245881	chrM	1	16569	4568145	16569	100	17354.8	34.9	33
SRR7245882	chrM	1	16569	5424233	16569	100	20615.6	34.9	33.1
SRR7245883	chrM	1	16569	4328762	16568	99.994	16370.4	34.9	32.9
SRR7245884	chrM	1	16569	3531984	16569	100	13597.4	35	33.2
SRR7245885	chrM	1	16569	4133479	16568	99.994	15627.3	34.9	32.9
SRR7245886	chrM	1	16569	4740256	16569	100	18066.4	34.9	33.1
SRR7245887	chrM	1	16569	4498685	16569	100	17260.1	34.9	33.2
SRR7245888	chrM	1	16569	4082645	16501	99.5896	14039.1	35	31.1
SRR7245889	chrM	1	16569	3318007	16564	99.9698	12639.2	34.9	33
SRR7245890	chrM	1	16569	4822060	16569	100	18252	34.9	32.9
SRR7245891	chrM	1	16569	3578901	16569	100	13836.7	34.9	33.2
SRR7245892	chrM	1	16569	4155246	16569	100	15729.2	35	32.8
SRR7245893	chrM	1	16569	6429097	16569	100	24349.3	34.9	32.9
SRR7245894	chrM	1	16569	8554472	16569	100	18702.8	35	36.6
SRR7245895	chrM	1	16569	6523845	16569	100	14268.5	35	36.7
SRR7245896	chrM	1	16569	10786588	16569	100	23590.2	35	36.7
SRR7245897	chrM	1	16569	10174623	16569	100	22158.9	35	36.6
SRR7245898	chrM	1	16569	9050729	16569	100	19690	34.9	36.6
SRR7245899	chrM	1	16569	2548612	16569	100	5402.63	34.7	36.8
SRR7245900	chrM	1	16569	11404118	16569	100	24829.3	34.9	36.6
SRR7245901	chrM	1	16569	12764651	16569	100	27809.9	35	36.6
SRR7245902	chrM	1	16569	11793395	16569	100	25686.2	35	36.6
SRR7245903	chrM	1	16569	6076042	16569	100	23471.2	35	33.3
SRR7245904	chrM	1	16569	5513043	16569	100	21023.7	35	33
SRR7245905	chrM	1	16569	5435593	16569	100	20806	34.9	33.1
SRR7245906	chrM	1	16569	6252216	16569	100	23967.3	34.9	33.2
SRR7245907	chrM	1	16569	4308518	16568	99.994	16338.3	34.9	33
SRR7245908	chrM	1	16569	5414253	16569	100	20764.6	35	33.2
SRR7245909	chrM	1	16569	5396310	16568	99.994	20589.1	35	33.1
SRR7245910	chrM	1	16569	6195324	16542	99.837	23510.6	34.9	33.2
SRR7245911	chrM	1	16569	4382388	16569	100	15680.4	34.7	32.6
SRR7245912	chrM	1	16569	5107920	16569	100	18377.2	34.7	32.6
SRR7245913	chrM	1	16569	8761488	16569	100	31902.6	34.7	33
SRR7245914	chrM	1	16569	4916273	16569	100	17650.9	34.7	32.8
SRR7245915	chrM	1	16569	13132125	16569	100	47013.3	34.7	32.5
SRR7245916	chrM	1	16569	6868141	16569	100	24719.7	34.7	32.8
SRR7245917	chrM	1	16569	14826952	16569	100	32234.5	34.9	36.6
SRR7245918	chrM	1	16569	12273616	16569	100	26684.2	34.9	36.7
SRR7245919	chrM	1	16569	17371879	16569	100	37822.7	34.9	36.7
SRR7245920	chrM	1	16569	14183118	16569	100	30820.5	34.9	36.7
SRR7245921	chrM	1	16569	14632096	16569	100	31740.3	34.9	36.6
SRR7245922	chrM	1	16569	10718003	16569	100	23311.4	34.9	36.6
SRR7245923	chrM	1	16569	15803963	16569	100	34471	35	36.7
SRR7245924	chrM	1	16569	14221751	16569	100	30966.8	35	36.7
SRR7245925	chrM	1	16569	16273458	16569	100	35447.3	35	36.7
SRR7245926	chrM	1	16569	17037935	16569	100	37098.1	34.9	36.6
SRR7245927	chrM	1	16569	17531313	16569	100	38117.5	34.9	36.7
SRR7245928	chrM	1	16569	19032162	16569	100	41480.8	35	36.7
SRR7245929	chrM	1	16569	15963297	16569	100	34804.5	35	36.6
SRR7245930	chrM	1	16569	17234893	16569	100	37562.2	35	36.6
SRR7245931	chrM	1	16569	16386205	16569	100	35659.2	34.9	36.6
SRR7245932	chrM	1	16569	17689955	16569	100	38553.4	35	36.6
SRR7245933	chrM	1	16569	14520848	16569	100	31610	34.9	36.6
SRR7245934	chrM	1	16569	17178395	16569	100	37327.7	34.9	36.7
SRR7245935	chrM	1	16569	15064696	16569	100	32800.8	34.9	36.7
SRR7245936	chrM	1	16569	16741884	16569	100	36381.8	34.9	36.7
SRR7245937	chrM	1	16569	16137768	16569	100	35077.5	34.9	36.7
SRR7245938	chrM	1	16569	13940116	16569	100	30298.6	34.9	36.7
SRR7245939	chrM	1	16569	11652905	16569	100	25345.2	34.9	36.7
SRR7245940	chrM	1	16569	13073963	16569	100	28432.2	34.9	36.7
SRR7245941	chrM	1	16569	6897449	16569	100	15083.5	35	36.6
SRR7245942	chrM	1	16569	7279139	16569	100	15916.9	35	36.6
SRR7245943	chrM	1	16569	8563403	16569	100	18750.3	35	36.6
SRR7245944	chrM	1	16569	5753885	16569	100	12506.2	34.9	36.7
SRR7245945	chrM	1	16569	4992741	16569	100	10895.7	35	36.7
SRR7245946	chrM	1	16569	6144484	16569	100	13442.6	35	36.6
SRR7245947	chrM	1	16569	11757593	16569	100	25584.2	34.9	36.6
SRR7245948	chrM	1	16569	10411314	16569	100	22678.2	35	36.6
35	
bam_cnodup/SRR7245936	
bam_cnodup/SRR7245937	
bam_cnodup/SRR7245938	
bam_cnodup/SRR7245939	
bam_cnodup/SRR7245940	
bam_cnodup/SRR7245941	
bam_cnodup/SRR7245942	
bam_cnodup/SRR7245943	
bam_cnodup/SRR7245944	
bam_cnodup/SRR7245945	
bam_cnodup/SRR7245946	
bam_cnodup/SRR7245947	
bam_cnodup/SRR7245948	
